    value  freq  cumFreq
0      22     4        4
1      46     2        6
2      47     1        7
3      51     3       10
4      71     1       11
5      77     1       12
6      79     2       14
7      80     1       15
8      91     1       16
9      97     1       17
10     99     1       18
11    103     1       19
12    119     2       21
13    146     1       22
14    147     1       23
15    154     1       24
16    162     2       26
17    168     1       27
18    193     1       28
19    198     1       29
20    225     1       30
21    250     1       31
22    251     1       32
23    255     1       33
24    269     1       34
25    288     1       35
26    317     1       36
27    354     1       37
28    355     1       38
29    359     1       39
30    361     1       40
31    362     1       41
32    382     1       42
33    384     1       43
34    414     1       44
35    429     1       45
36    447     1       46
37    450     1       47
38    498     1       48
39    503     1       49
40    529     1       50
41    535     1       51
42    548     1       52
43    553     1       53
44    566     1       54
45    569     1       55
46    571     1       56
47    587     1       57
48    589     1       58
49    607     2       60
50    612     2       62
51    613     1       63
52    615     1       64
53    636     1       65
54    642     1       66
55    657     1       67
56    660     1       68
57    676     1       69
58    685     1       70
59    687     1       71
60    688     1       72
61    694     1       73
62    702     1       74
63    707     1       75
64    736     1       76
65    738     1       77
66    763     1       78
67    768     1       79
68    775     1       80
69    777     1       81
70    782     1       82
71    784     1       83
72    813     1       84
73    817     1       85
74    820     1       86
75    821     1       87
76    824     1       88
77    832     1       89
78    834     1       90
79    858     1       91
80    878     1       92
81    879     1       93
82    880     1       94
83    923     1       95
84    928     1       96
85    945     1       97
86    976     1       98
87    984     1       99
88    999     1      100


Total of frequency = 100
Total of cumulative frequency = 4844

Most frequent movie(s) = [22] counts: 4

Me(even) = 532.0
Mo = 4

Range = 3

Q1 = 25.25
Q1 value = 34.25
Q2 = 50.5
Q2 value = 60.5
Q3 = 75.75
Q3 value = 86.25

IQR = 52.0

MAD = 21.0043

MSE = 742.9862